1,1030,470,2022-07-10
2,1011,529,2022-08-20
3,1092,443,2022-11-11
4,1083,147,2023-05-02
5,1093,363,2022-07-11
6,1023,120,2022-12-28
7,1072,313,2022-09-11
8,1005,343,2022-10-27
9,1015,387,2022-10-07
10,1040,52,2022-12-07
11,1091,205,2022-08-29
12,1018,328,2022-09-16
13,1015,284,2022-10-03
14,1095,437,2022-06-21
15,1018,124,2023-03-02
16,1085,250,2022-10-20
17,1015,456,2022-11-18
18,1027,111,2022-11-20
19,1083,517,2022-11-24
20,1024,98,2022-11-10
21,1080,414,2023-02-02
22,1065,320,2022-06-23
23,1003,540,2023-04-28
24,1009,191,2022-08-05
25,1023,285,2022-07-01
26,1051,176,2022-10-11
27,1096,403,2023-04-26
28,1027,283,2023-02-10
29,1068,498,2023-02-11
30,1095,366,2022-08-26
31,1063,427,2022-07-04
32,1082,288,2022-11-06
33,1052,381,2023-01-11
34,1003,395,2023-04-06
35,1052,74,2022-08-03
36,1032,268,2022-07-18
37,1073,344,2022-12-25
38,1043,432,2023-03-25
39,1061,83,2022-12-05
40,1039,419,2023-04-18
41,1082,472,2023-05-06
42,1028,350,2022-12-01
43,1045,59,2023-01-25
44,1015,84,2022-09-13
45,1003,490,2022-06-23
46,1038,169,2022-08-16
47,1038,320,2022-12-09
48,1077,322,2022-11-13
49,1086,204,2022-06-28
50,1083,207,2022-08-19
51,1082,522,2022-10-14
52,1017,477,2023-05-16
53,1045,521,2022-06-29
54,1065,241,2022-11-23
55,1075,440,2022-10-05
56,1042,53,2023-04-25
57,1002,450,2022-12-17
58,1045,294,2023-05-17
59,1032,246,2022-06-26
60,1035,55,2023-03-02
61,1081,91,2023-03-06
62,1041,240,2022-08-26
63,1089,472,2022-05-21
64,1031,500,2022-07-21
65,1075,127,2023-04-11
66,1084,134,2023-01-04
67,1079,407,2023-03-03
68,1058,171,2022-12-20
69,1018,344,2022-12-19
70,1053,104,2022-09-14
71,1014,469,2022-09-16
72,1087,451,2022-12-20
73,1079,308,2023-03-23
74,1029,181,2022-06-25
75,1055,230,2023-04-23
76,1035,370,2023-05-09
77,1018,365,2022-09-05
78,1095,468,2022-09-07
79,1016,439,2022-11-08
80,1004,420,2022-07-19
81,1030,106,2022-12-27
82,1064,444,2022-12-30
83,1094,291,2023-04-18
84,1016,465,2022-12-15
85,1051,431,2022-11-07
86,1090,124,2023-04-09
87,1065,264,2022-12-15
88,1021,291,2023-03-07
89,1054,351,2023-04-02
90,1004,128,2023-01-03
91,1033,303,2022-11-12
92,1014,201,2022-10-11
93,1023,170,2022-11-05
94,1007,255,2023-03-23
95,1060,254,2022-12-06
96,1017,66,2023-02-26
97,1010,478,2022-08-02
98,1028,304,2022-06-27
99,1031,392,2022-12-10
100,1035,332,2023-02-21
101,1073,356,2022-07-03
102,1096,71,2023-02-02
103,1098,409,2022-05-23
104,1073,529,2022-08-31
105,1039,100,2022-11-05
106,1030,456,2022-12-08
107,1032,201,2022-08-28
108,1000,384,2023-03-19
109,1043,378,2022-12-09
110,1097,227,2022-09-23
111,1055,403,2022-10-27
112,1056,499,2022-07-10
113,1022,74,2022-06-17
114,1097,235,2022-05-27
115,1085,228,2023-03-31
116,1064,65,2022-10-09
117,1000,358,2022-12-14
118,1011,523,2023-03-17
119,1092,284,2022-07-21
120,1043,109,2023-01-10
121,1080,68,2023-04-09
122,1066,231,2023-02-11
123,1060,546,2022-12-30
124,1010,218,2022-07-01
125,1054,141,2022-12-04
126,1004,411,2022-12-01
127,1013,105,2022-11-24
128,1018,380,2022-07-11
129,1039,293,2023-04-17
130,1085,373,2022-09-01
131,1070,144,2023-01-17
132,1081,108,2022-11-01
133,1039,224,2022-05-24
134,1081,319,2022-06-19
135,1008,134,2023-02-27
136,1000,220,2023-03-19
137,1064,402,2022-10-18
138,1000,168,2023-03-07
139,1088,148,2022-11-17
140,1067,525,2022-07-12
141,1076,496,2022-08-11
142,1055,425,2022-06-17
143,1089,414,2022-08-20
144,1023,259,2023-03-17
145,1051,201,2022-10-10
146,1069,135,2022-08-30
147,1092,537,2023-05-04
148,1078,229,2022-05-29
149,1014,282,2023-01-04
150,1027,461,2022-11-17
151,1061,336,2023-05-03
152,1050,204,2022-07-23
153,1061,385,2022-06-21
154,1039,263,2022-10-12
155,1079,102,2022-05-24
156,1091,173,2022-07-11
157,1033,386,2022-08-31
158,1085,513,2023-01-02
159,1095,329,2023-04-24
160,1078,273,2023-01-08
161,1024,484,2022-07-30
162,1074,485,2022-08-17
163,1055,212,2023-05-16
164,1014,507,2022-11-23
165,1038,175,2022-12-30
166,1019,176,2023-05-19
167,1008,430,2022-08-05
168,1011,194,2022-09-05
169,1014,410,2023-03-12
170,1055,530,2022-06-09
171,1083,517,2022-05-28
172,1062,177,2022-08-01
173,1000,176,2023-04-03
174,1099,192,2023-04-15
175,1056,339,2022-06-14
176,1061,405,2022-07-20
177,1033,546,2022-08-24
178,1020,513,2023-02-15
179,1051,68,2023-01-17
180,1014,421,2023-02-06
181,1047,424,2022-10-23
182,1022,272,2022-09-19
183,1063,80,2022-12-28
184,1001,82,2022-10-08
185,1009,66,2023-02-28
186,1011,258,2023-03-22
187,1030,207,2022-10-02
188,1006,185,2022-08-28
189,1032,83,2023-04-16
190,1016,353,2022-07-28
191,1092,84,2022-06-03
192,1053,504,2022-09-04
193,1059,229,2023-01-14
194,1038,185,2023-05-04
195,1010,95,2022-10-02
196,1065,392,2022-10-03
197,1059,178,2023-01-11
198,1086,424,2022-06-03
199,1058,347,2022-10-29
200,1057,59,2023-01-09
201,1031,365,2023-03-24
202,1085,245,2023-03-13
203,1021,464,2023-04-17
204,1035,134,2023-01-18
205,1048,275,2022-10-30
206,1001,62,2022-07-21
207,1055,433,2023-01-13
208,1044,160,2022-10-03
209,1007,316,2023-03-22
210,1053,100,2023-02-16
211,1053,151,2022-09-03
212,1075,249,2022-09-16
213,1035,475,2022-12-20
214,1022,52,2022-06-30
215,1062,280,2023-05-04
216,1062,394,2023-05-04
217,1039,165,2022-08-22
218,1029,262,2022-06-19
219,1064,128,2022-09-13
220,1067,469,2022-07-07
221,1090,207,2022-06-05
222,1052,126,2022-05-31
223,1002,232,2023-05-03
224,1067,127,2022-12-10
225,1098,394,2022-09-09
226,1065,475,2022-07-25
227,1037,129,2023-02-07
228,1054,409,2022-08-04
229,1095,267,2023-01-14
230,1097,503,2022-10-24
231,1050,306,2022-08-13
232,1077,323,2022-05-22
233,1004,95,2022-10-26
234,1014,372,2022-10-27
235,1009,211,2023-04-04
236,1018,429,2023-02-08
237,1061,371,2023-03-23
238,1058,261,2022-09-06
239,1056,228,2023-03-20
240,1041,320,2022-07-17
241,1050,117,2022-06-12
242,1038,295,2022-11-22
243,1005,307,2022-06-24
244,1085,187,2023-04-04
245,1022,487,2023-02-24
246,1015,315,2022-10-20
247,1031,268,2023-05-05
248,1016,348,2022-09-28
249,1055,494,2022-07-25
250,1053,90,2022-06-14
251,1030,437,2023-03-23
252,1034,72,2023-04-11
253,1082,210,2023-01-02
254,1077,169,2022-09-07
255,1004,81,2023-04-10
256,1001,121,2023-01-26
257,1007,507,2023-04-09
258,1066,51,2023-03-29
259,1049,196,2023-03-08
260,1093,427,2022-08-29
261,1024,489,2022-08-20
262,1046,532,2022-06-11
263,1011,391,2022-12-26
264,1084,301,2022-12-01
265,1062,232,2023-03-19
266,1068,468,2022-12-21
267,1058,390,2022-10-13
268,1034,412,2023-03-30
269,1087,254,2022-12-06
270,1049,368,2023-04-24
271,1011,230,2022-05-22
272,1060,232,2022-12-22
273,1064,382,2022-06-13
274,1093,121,2023-01-12
275,1041,64,2023-02-21
276,1065,186,2023-02-12
277,1044,333,2023-01-06
278,1030,512,2023-02-18
279,1042,513,2022-12-29
280,1058,252,2023-03-19
281,1033,362,2022-12-04
282,1096,304,2022-07-11
283,1056,531,2022-06-21
284,1040,177,2022-10-25
285,1023,229,2022-05-29
286,1018,283,2022-08-10
287,1030,375,2022-09-20
288,1089,385,2022-09-11
289,1056,77,2022-12-21
290,1069,290,2022-08-18
291,1014,260,2023-02-04
292,1047,129,2022-11-16
293,1025,259,2023-05-11
294,1085,171,2022-06-30
295,1005,129,2023-02-06
296,1076,382,2022-08-25
297,1002,267,2022-06-18
298,1097,291,2022-12-19
299,1082,65,2023-04-28
300,1025,219,2023-01-09
301,1033,278,2023-01-01
302,1073,262,2023-02-05
303,1074,536,2022-12-12
304,1052,62,2022-05-24
305,1067,412,2022-09-27
306,1010,491,2022-10-23
307,1099,319,2022-12-30
308,1098,390,2022-12-12
309,1041,178,2023-01-31
310,1063,234,2022-09-19
311,1037,518,2023-04-03
312,1085,226,2023-02-24
313,1085,211,2022-09-11
314,1023,425,2022-10-13
315,1082,488,2023-04-12
316,1022,485,2022-11-27
317,1009,524,2022-06-15
318,1075,490,2023-02-08
319,1015,172,2023-01-17
320,1094,292,2022-12-17
321,1042,414,2023-04-04
322,1056,537,2023-03-08
323,1081,173,2023-04-24
324,1063,411,2023-01-09
325,1012,60,2023-01-21
326,1002,352,2022-12-12
327,1050,333,2023-04-27
328,1068,489,2023-03-30
329,1073,342,2022-07-15
330,1011,269,2022-12-24
331,1053,404,2022-07-25
332,1040,502,2023-01-26
333,1041,176,2022-07-12
334,1060,283,2023-04-29
335,1003,258,2023-01-31
336,1096,414,2023-01-24
337,1021,134,2022-07-24
338,1003,432,2022-07-21
339,1097,436,2022-10-16
340,1012,524,2022-12-02
341,1079,524,2023-03-06
342,1028,323,2023-03-24
343,1004,521,2022-05-30
344,1006,116,2023-04-28
345,1047,447,2023-05-10
346,1061,508,2022-05-28
347,1068,296,2022-11-17
348,1087,404,2022-10-06
349,1065,63,2022-10-30
350,1010,386,2022-06-21
351,1033,184,2023-05-03
352,1040,202,2022-09-29
353,1091,203,2023-05-16
354,1053,101,2023-03-17
355,1072,153,2023-04-15
356,1040,445,2022-08-01
357,1037,232,2022-08-12
358,1017,396,2022-09-01
359,1028,119,2023-03-30
360,1001,88,2023-05-09
361,1075,377,2022-05-30
362,1063,426,2022-12-17
363,1087,531,2022-10-17
364,1013,528,2022-10-30
365,1083,284,2022-12-29
366,1021,204,2022-08-03
367,1063,104,2023-03-17
368,1088,458,2022-06-07
369,1007,408,2022-12-10
370,1017,453,2022-09-10
371,1011,515,2023-01-06
372,1046,222,2022-11-21
373,1048,132,2022-09-22
374,1085,271,2022-11-09
375,1025,217,2022-08-10
376,1034,524,2023-05-04
377,1000,165,2022-07-23
378,1021,334,2023-01-02
379,1088,427,2023-04-16
380,1025,81,2022-12-01
381,1093,301,2022-12-11
382,1069,196,2023-05-16
383,1037,114,2022-07-04
384,1027,411,2022-08-14
385,1090,111,2022-06-29
386,1015,263,2022-07-22
387,1099,231,2022-09-18
388,1083,112,2023-01-04
389,1094,128,2022-11-27
390,1085,76,2022-05-30
391,1096,234,2022-06-24
392,1024,253,2022-08-15
393,1076,97,2023-05-04
394,1024,162,2023-01-16
395,1000,300,2023-01-01
396,1095,98,2023-04-29
397,1015,246,2022-11-26
398,1098,273,2022-11-24
399,1036,293,2022-10-26
400,1078,155,2022-09-25
401,1051,232,2022-11-30
402,1048,224,2022-11-24
403,1012,311,2022-11-28
404,1038,429,2022-10-25
405,1077,152,2022-06-26
406,1019,134,2022-09-15
407,1055,481,2022-06-16
408,1081,486,2023-03-12
409,1015,336,2022-05-26
410,1056,180,2022-09-18
411,1070,332,2023-03-05
412,1074,429,2022-07-28
413,1017,122,2022-12-13
414,1055,285,2022-06-03
415,1069,546,2022-11-09
416,1040,216,2022-08-14
417,1060,357,2022-05-21
418,1050,181,2022-08-09
419,1081,280,2023-01-24
420,1063,305,2022-10-14
421,1040,376,2022-07-28
422,1054,73,2023-03-31
423,1038,315,2022-07-17
424,1065,367,2022-07-11
425,1091,499,2022-10-08
426,1001,516,2022-11-12
427,1033,454,2022-07-16
428,1050,327,2022-10-08
429,1094,228,2022-12-17
430,1033,410,2022-05-21
431,1075,81,2023-01-04
432,1047,206,2022-08-05
433,1045,71,2022-11-22
434,1029,155,2023-03-16
435,1000,451,2023-01-18
436,1093,352,2022-11-16
437,1058,299,2023-03-03
438,1053,183,2022-12-02
439,1078,520,2022-12-12
440,1042,300,2023-03-12
441,1035,490,2022-10-28
442,1048,170,2022-11-10
443,1017,380,2023-05-11
444,1077,345,2023-01-20
445,1049,338,2022-07-25
446,1045,138,2022-11-28
447,1054,277,2023-03-22
448,1070,225,2022-10-11
449,1016,231,2022-12-05
450,1044,499,2023-01-04
451,1064,193,2023-05-08
452,1035,371,2023-04-10
453,1093,425,2022-09-08
454,1029,187,2022-05-29
455,1001,441,2023-03-19
456,1030,231,2022-06-28
457,1036,428,2022-05-24
458,1018,76,2023-03-21
459,1090,59,2022-07-12
460,1009,81,2022-07-06
461,1054,81,2022-07-10
462,1013,153,2022-10-01
463,1002,548,2022-10-15
464,1040,273,2022-11-27
465,1047,348,2023-01-25
466,1048,69,2022-10-24
467,1040,525,2022-07-04
468,1053,184,2022-11-13
469,1037,92,2023-01-10
470,1036,98,2022-08-07
471,1058,102,2023-04-02
472,1082,531,2023-04-25
473,1055,516,2022-07-17
474,1007,208,2022-07-27
475,1071,261,2022-06-27
476,1059,258,2022-10-13
477,1026,432,2022-08-01
478,1029,152,2022-08-19
479,1069,386,2022-08-29
480,1091,65,2022-10-15
481,1092,430,2022-09-22
482,1093,411,2023-03-21
483,1037,100,2023-02-24
484,1093,129,2023-02-22
485,1086,437,2022-08-02
486,1094,80,2022-09-28
487,1023,400,2022-09-10
488,1052,330,2022-06-24
489,1053,497,2023-01-28
490,1053,180,2022-11-04
491,1008,63,2022-11-08
492,1044,546,2022-09-22
493,1022,68,2023-04-19
494,1096,467,2023-05-15
495,1039,325,2022-10-28
496,1034,168,2023-01-25
497,1039,256,2023-04-29
498,1025,429,2022-07-30
499,1096,196,2023-03-15
500,1025,337,2022-06-06
501,1051,416,2022-05-23
502,1064,538,2022-08-06
503,1089,202,2022-11-21
504,1016,428,2022-11-18
505,1030,469,2022-09-22
506,1080,237,2022-08-26
507,1040,191,2023-01-30
508,1050,213,2023-03-30
509,1097,157,2023-01-15
510,1085,118,2022-08-31
511,1030,126,2022-09-14
512,1097,294,2023-03-29
513,1099,482,2022-08-15
514,1065,122,2022-07-22
515,1010,380,2022-08-01
516,1024,539,2023-01-20
517,1067,180,2022-12-06
518,1047,462,2023-01-27
519,1052,92,2022-08-05
520,1069,366,2023-02-16
521,1021,247,2022-07-02
522,1060,244,2023-04-27
523,1015,330,2023-01-16
524,1045,158,2022-10-04
525,1029,238,2022-12-10
526,1074,267,2023-01-27
527,1048,97,2022-08-02
528,1062,148,2023-02-17
529,1034,443,2022-11-19
530,1013,300,2022-08-04
531,1052,376,2023-05-15
532,1002,425,2023-02-17
533,1093,526,2023-02-24
534,1060,220,2022-06-05
535,1048,201,2022-06-18
536,1011,361,2022-09-03
537,1039,59,2022-08-21
538,1037,408,2022-06-08
539,1048,231,2023-02-25
540,1098,439,2023-02-03
541,1002,175,2023-04-22
542,1022,393,2023-02-01
543,1086,335,2022-09-22
544,1087,284,2022-11-14
545,1020,522,2022-12-05
546,1029,419,2023-04-16
547,1015,257,2022-12-02
548,1039,363,2022-10-20
549,1073,296,2022-12-29
550,1069,259,2022-06-07
551,1035,297,2022-06-10
552,1084,130,2022-09-01
553,1058,112,2022-09-04
554,1099,193,2022-09-12
555,1020,542,2023-04-26
556,1055,122,2023-01-13
557,1026,462,2023-05-04
558,1009,199,2022-10-21
559,1069,85,2023-05-18
560,1052,226,2023-03-03
561,1090,72,2023-03-02
562,1080,236,2022-09-05
563,1045,58,2022-10-12
564,1047,117,2023-03-17
565,1000,438,2023-04-23
566,1020,285,2022-11-17
567,1021,292,2023-02-11
568,1036,88,2022-06-15
569,1045,245,2023-04-27
570,1080,119,2022-11-29
571,1050,350,2023-03-30
572,1095,279,2023-03-14
573,1033,59,2022-06-16
574,1090,425,2022-10-26
575,1028,361,2022-06-19
576,1075,505,2022-08-21
577,1087,523,2023-03-06
578,1034,390,2023-03-04
579,1096,453,2022-09-21
580,1003,287,2022-09-18
581,1047,506,2022-10-19
582,1055,71,2023-01-17
583,1047,105,2023-03-17
584,1028,467,2022-11-03
585,1020,194,2022-07-06
586,1005,263,2023-02-24
587,1057,450,2022-07-21
588,1046,492,2022-09-26
589,1028,181,2023-04-06
590,1092,541,2023-02-11
591,1069,65,2022-09-04
592,1049,532,2022-12-28
593,1025,141,2022-12-12
594,1009,236,2022-08-31
595,1029,475,2023-02-18
596,1022,113,2022-09-12
597,1062,152,2022-07-15
598,1097,174,2023-03-13
599,1098,181,2023-02-24
600,1033,180,2023-04-05
601,1029,465,2022-06-26
602,1011,377,2022-12-30
603,1083,220,2022-12-21
604,1008,428,2022-08-26
605,1012,428,2022-06-23
606,1014,240,2022-12-24
607,1002,424,2023-04-25
608,1092,128,2022-10-02
609,1041,529,2022-09-29
610,1024,304,2023-02-14
611,1071,484,2022-11-13
612,1038,332,2023-03-17
613,1096,161,2022-10-31
614,1063,530,2022-08-07
615,1069,92,2022-10-31
616,1064,130,2022-11-08
617,1096,543,2022-10-24
618,1083,139,2022-12-21
619,1019,243,2023-04-15
620,1083,472,2023-02-09
621,1045,536,2023-05-03
622,1060,394,2022-07-05
623,1050,496,2023-03-22
624,1090,320,2023-03-09
625,1037,77,2022-10-10
626,1030,344,2022-10-10
627,1063,459,2023-03-19
628,1075,88,2023-03-21
629,1007,276,2022-10-04
630,1022,69,2022-10-08
631,1072,498,2023-04-09
632,1037,78,2023-03-02
633,1053,484,2022-10-15
634,1037,382,2023-03-22
635,1034,166,2022-08-30
636,1073,137,2022-05-24
637,1076,81,2023-02-16
638,1000,463,2022-07-25
639,1058,368,2022-09-13
640,1070,186,2022-12-11
641,1028,95,2023-05-15
642,1041,148,2022-08-20
643,1008,527,2023-03-21
644,1030,438,2022-06-21
645,1015,490,2022-06-09
646,1071,291,2022-08-02
647,1027,448,2023-01-14
648,1082,251,2023-04-03
649,1097,364,2022-11-25
650,1032,461,2022-10-19
651,1032,103,2022-10-29
652,1076,465,2023-03-27
653,1083,368,2022-08-15
654,1065,107,2023-04-05
655,1061,374,2022-12-22
656,1079,271,2022-12-05
657,1013,400,2022-11-07
658,1008,510,2022-12-09
659,1012,276,2022-11-02
660,1045,402,2022-12-17
661,1082,67,2022-12-13
662,1094,221,2022-12-26
663,1041,433,2023-02-06
664,1019,159,2022-11-02
665,1016,132,2022-10-30
666,1074,356,2023-02-22
667,1097,493,2023-03-28
668,1012,101,2022-10-16
669,1045,328,2023-05-03
670,1056,402,2022-10-14
671,1087,412,2022-07-17
672,1037,58,2022-08-20
673,1068,122,2022-05-20
674,1074,180,2023-03-04
675,1047,499,2023-05-02
676,1001,339,2023-04-30
677,1082,76,2023-01-10
678,1050,316,2022-06-30
679,1081,264,2023-04-28
680,1017,331,2023-03-08
681,1055,71,2022-07-01
682,1055,100,2023-02-05
683,1037,129,2022-12-29
684,1088,278,2022-09-18
685,1043,191,2023-04-15
686,1088,169,2022-10-15
687,1040,483,2023-01-06
688,1041,69,2022-09-07
689,1098,322,2023-04-16
690,1048,206,2023-04-15
691,1048,372,2022-07-03
692,1062,402,2022-11-18
693,1003,127,2022-10-29
694,1051,539,2022-10-03
695,1017,63,2023-05-02
696,1076,178,2022-05-29
697,1046,501,2023-03-12
698,1029,59,2022-08-29
699,1008,508,2022-10-14
700,1046,464,2022-11-08
701,1037,117,2022-11-18
702,1012,341,2022-08-14
703,1049,200,2023-01-11
704,1047,108,2022-11-30
705,1089,431,2023-03-30
706,1051,178,2023-01-27
707,1035,264,2022-11-10
708,1080,541,2022-08-01
709,1024,403,2022-11-29
710,1035,115,2023-03-27
711,1056,214,2023-03-20
712,1060,263,2022-12-25
713,1006,368,2023-05-16
714,1026,482,2022-11-18
715,1047,468,2023-04-30
716,1013,526,2022-10-26
717,1011,292,2023-01-27
718,1071,544,2022-06-27
719,1043,356,2022-11-03
720,1012,475,2023-02-08
721,1067,271,2022-06-21
722,1025,105,2022-10-29
723,1057,500,2022-10-08
724,1032,278,2023-04-20
725,1008,279,2023-02-06
726,1022,378,2022-09-25
727,1020,446,2023-05-19
728,1026,58,2023-04-24
729,1055,501,2022-08-23
730,1049,64,2023-03-16
731,1054,97,2023-01-19
732,1072,162,2022-11-14
733,1010,360,2023-02-21
734,1018,290,2022-07-28
735,1085,87,2022-12-11
736,1014,204,2022-08-31
737,1023,544,2022-07-21
738,1024,480,2023-03-11
739,1039,120,2022-11-16
740,1028,277,2022-09-15
741,1052,139,2022-12-10
742,1066,346,2022-06-24
743,1071,446,2023-02-23
744,1012,204,2022-10-03
745,1072,405,2022-08-10
746,1068,539,2023-02-20
747,1023,510,2022-06-12
748,1077,66,2022-10-07
749,1049,234,2022-05-22
750,1062,316,2022-11-20
751,1075,386,2022-12-02
752,1011,95,2023-03-25
753,1022,176,2023-01-08
754,1075,282,2022-12-02
755,1094,419,2023-01-18
756,1055,235,2023-03-29
757,1063,398,2022-08-12
758,1001,456,2023-01-05
759,1018,432,2022-10-07
760,1076,456,2022-08-17
761,1076,424,2023-05-09
762,1073,510,2023-04-25
763,1009,299,2023-03-28
764,1069,513,2022-06-10
765,1062,258,2023-05-09
766,1052,267,2023-03-21
767,1064,189,2022-08-14
768,1046,167,2022-08-27
769,1051,396,2022-08-13
770,1089,347,2022-12-12
771,1098,175,2022-10-04
772,1085,429,2022-10-09
773,1000,367,2023-01-04
774,1063,209,2022-07-21
775,1020,401,2023-01-11
776,1013,118,2022-06-18
777,1037,416,2022-08-27
778,1047,265,2023-03-14
779,1008,458,2022-07-19
780,1054,362,2022-11-23
781,1010,439,2022-10-24
782,1041,521,2022-09-04
783,1003,166,2022-07-13
784,1037,274,2023-02-04
785,1063,161,2022-06-02
786,1070,241,2022-09-09
787,1086,299,2022-12-29
788,1009,64,2022-11-29
789,1096,437,2022-10-19
790,1031,449,2023-05-03
791,1081,423,2022-11-22
792,1019,378,2022-12-18
793,1034,389,2023-04-17
794,1091,151,2022-10-26
795,1008,188,2023-04-19
796,1037,318,2023-05-11
797,1058,229,2022-11-30
798,1089,499,2022-07-05
799,1000,383,2023-04-28
800,1004,173,2022-06-26
801,1024,398,2022-11-25
802,1030,94,2023-01-09
803,1072,299,2022-11-27
804,1017,142,2023-01-14
805,1079,273,2022-06-11
806,1018,318,2023-01-04
807,1037,146,2023-03-06
808,1068,486,2022-08-12
809,1067,492,2023-04-03
810,1012,501,2022-09-16
811,1040,484,2023-05-18
812,1094,352,2023-02-13
813,1009,153,2023-01-03
814,1010,312,2022-12-22
815,1038,332,2022-08-17
816,1022,288,2022-06-18
817,1074,314,2023-05-13
818,1027,141,2022-12-19
819,1050,340,2023-01-09
820,1066,259,2022-12-24
821,1044,315,2023-02-22
822,1081,285,2022-07-02
823,1083,160,2022-07-22
824,1000,412,2022-10-08
825,1010,529,2022-12-14
826,1032,447,2022-12-14
827,1075,249,2022-06-21
828,1052,475,2023-01-10
829,1067,298,2023-01-07
830,1069,110,2023-01-04
831,1030,296,2023-01-25
832,1049,366,2022-12-27
833,1071,225,2022-11-06
834,1059,163,2022-12-03
835,1025,444,2022-07-31
836,1063,157,2023-04-03
837,1031,263,2022-07-26
838,1064,383,2022-08-05
839,1096,239,2022-10-04
840,1086,466,2023-03-28
841,1016,280,2022-09-07
842,1043,138,2022-09-29
843,1058,167,2022-12-28
844,1031,344,2022-11-25
845,1015,288,2022-07-25
846,1048,58,2022-09-30
847,1000,423,2022-09-19
848,1042,485,2023-01-15
849,1092,438,2022-10-31
850,1085,211,2022-07-16
851,1026,200,2022-11-07
852,1059,155,2022-08-31
853,1003,231,2022-06-06
854,1047,385,2022-06-01
855,1049,388,2022-07-07
856,1005,413,2022-09-24
857,1098,507,2023-03-01
858,1000,229,2022-06-21
859,1091,222,2022-09-07
860,1017,152,2022-12-30
861,1096,530,2022-07-26
862,1076,379,2022-11-06
863,1009,178,2023-05-04
864,1083,201,2023-02-11
865,1033,95,2023-02-06
866,1083,269,2022-06-22
867,1035,137,2022-05-25
868,1016,60,2023-02-19
869,1013,334,2022-05-30
870,1062,248,2022-07-01
871,1063,83,2023-01-20
872,1091,200,2023-02-21
873,1026,404,2022-07-02
874,1089,59,2022-08-27
875,1024,235,2023-03-11
876,1067,374,2022-12-10
877,1031,369,2023-04-18
878,1009,214,2022-06-25
879,1034,114,2023-02-13
880,1048,373,2022-06-18
881,1006,237,2023-01-16
882,1044,117,2022-10-28
883,1017,370,2023-01-04
884,1072,194,2022-07-09
885,1096,453,2023-04-01
886,1091,325,2023-02-17
887,1049,207,2022-07-26
888,1047,330,2022-08-21
889,1053,178,2022-07-29
890,1046,146,2022-10-25
891,1078,129,2022-10-24
892,1004,80,2022-07-29
893,1076,511,2023-04-28
894,1047,229,2023-05-09
895,1014,119,2022-05-27
896,1003,186,2022-10-04
897,1005,365,2023-03-08
898,1030,455,2023-01-08
899,1056,331,2022-06-26
900,1056,65,2023-03-24
901,1051,312,2022-11-23
902,1011,173,2022-09-06
903,1070,475,2022-11-26
904,1076,191,2023-05-18
905,1081,375,2023-04-18
906,1062,344,2022-08-10
907,1043,120,2023-05-11
908,1082,375,2023-04-05
909,1078,534,2022-10-20
910,1066,305,2023-03-29
911,1029,539,2022-06-20
912,1001,140,2023-03-07
913,1024,313,2023-04-10
914,1001,369,2023-03-26
915,1050,87,2022-08-24
916,1074,326,2023-04-13
917,1032,309,2022-07-15
918,1051,422,2023-03-22
919,1022,440,2022-08-26
920,1074,185,2022-11-13
921,1051,349,2022-08-12
922,1060,381,2022-12-17
923,1057,192,2023-05-14
924,1031,434,2022-07-03
925,1002,339,2023-01-30
926,1075,465,2023-04-14
927,1071,294,2022-06-13
928,1007,308,2022-06-01
929,1006,250,2022-09-07
930,1061,247,2023-02-26
931,1056,116,2022-08-25
932,1048,231,2023-02-23
933,1017,538,2022-10-07
934,1080,409,2022-07-13
935,1046,465,2022-08-25
936,1092,477,2023-02-05
937,1070,413,2023-02-22
938,1084,405,2022-10-25
939,1062,208,2023-03-24
940,1002,166,2023-01-20
941,1045,71,2023-02-17
942,1020,411,2022-09-19
943,1055,338,2022-10-22
944,1034,315,2022-11-09
945,1012,522,2022-06-07
946,1068,112,2023-04-08
947,1064,289,2022-07-21
948,1062,392,2022-06-20
949,1099,440,2022-05-25
950,1084,142,2023-03-15
951,1074,179,2023-04-01
952,1076,374,2022-10-29
953,1066,474,2023-01-11
954,1088,159,2022-07-06
955,1030,369,2022-09-13
956,1097,129,2023-02-06
957,1049,521,2022-09-20
958,1043,73,2023-01-27
959,1040,405,2022-11-07
960,1006,318,2022-10-17
961,1019,166,2023-03-31
962,1066,546,2023-01-18
963,1039,375,2022-08-29
964,1052,398,2022-08-04
965,1072,220,2022-10-03
966,1000,278,2023-03-01
967,1043,351,2023-01-03
968,1084,467,2022-10-05
969,1068,148,2023-05-08
970,1078,420,2023-02-08
971,1061,540,2022-07-31
972,1039,104,2022-08-13
973,1083,353,2022-09-07
974,1095,235,2023-02-23
975,1024,216,2023-05-15
976,1029,307,2023-02-12
977,1028,147,2023-02-20
978,1094,470,2023-02-24
979,1037,278,2022-05-28
980,1049,416,2022-10-08
981,1027,486,2022-10-21
982,1022,170,2022-06-21
983,1054,401,2023-03-08
984,1089,88,2022-09-03
985,1002,97,2023-03-03
986,1087,162,2023-01-31
987,1085,324,2023-01-12
988,1055,373,2023-03-17
989,1081,296,2022-10-09
990,1029,311,2022-05-22
991,1068,231,2023-02-22
992,1054,98,2022-07-19
993,1075,381,2022-10-29
994,1096,120,2022-08-26
995,1017,236,2023-04-22
996,1047,366,2023-01-10
997,1041,130,2022-10-21
998,1014,219,2023-01-17
999,1044,367,2023-02-04
1000,1035,200,2022-07-09